# nome=a world I build for you ［KinitoPET OST］(MP3_160K)
# tempo_bloco=0.050000
# top_n=5
# awk_hz_max=1200.00
0 197
710 1
1180 1
940 1
470 1
710 1
1180 1
710 1
1180 1
600 1
890 1
1190 1
600 1
890 1
1190 1
600 1
890 1
590 1
900 1
1190 1
600 1
900 1
1200 1
600 1
900 1
600 1
890 1
710 1
1070 1
540 1
890 1
710 1
1070 1
890 1
600 1
1200 1
900 1
600 1
900 1
600 1
900 1
600 1
910 1
600 1
910 1
600 1
910 1
610 1
910 1
610 1
800 1
960 1
1130 1
640 1
800 1
970 1
1130 1
640 1
810 1
610 1
910 1
810 1
610 1
920 1
610 1
920 1
550 1
820 1
1090 1
550 1
820 1
1090 1
550 1
820 2
0 27
740 1
990 1
490 1
740 1
990 1
490 1
740 2
630 1
940 1
630 1
940 1
630 1
940 1
630 1
940 1
620 1
940 1
630 1
940 1
630 1
940 1
630 1
940 1
750 1
1120 1
560 1
940 1
750 1
1130 1
560 1
940 1
630 1
950 1
630 1
950 1
630 1
950 1
630 1
950 1
630 1
950 1
640 1
950 1
640 1
950 1
640 1
840 1
680 1
1180 1
1010 1
850 1
680 1
1180 1
1020 1
850 1
960 1
640 1
850 1
960 1
640 1
960 1
640 1
570 1
1150 1
860 1
570 1
1150 1
860 1
570 1
860 1
0 22
770 1
520 1
1040 1
780 1
520 1
780 1
640 1
770 1
980 1
510 1
650 1
130 1
980 1
650 1
140 1
620 1
480 1
650 1
980 1
160 1
650 1
980 1
650 1
980 1
570 1
770 1
970 1
390 1
580 1
770 1
390 1
980 1
780 1
650 1
980 1
870 1
440 1
650 1
990 1
880 1
430 1
660 1
980 1
860 1
410 1
660 1
780 1
1040 1
870 1
390 1
690 1
780 1
870 1
780 1
980 1
650 1
980 1
700 1
560 1
730 1
710 1
520 1
580 1
880 1
690 1
1170 1
580 1
680 1
510 1
820 1
980 1
640 1
1170 1
780 1
970 1
640 1
480 1
880 1
650 1
480 1
880 1
800 1
650 1
670 1
980 1
650 1
980 1
650 1
980 1
650 1
980 1
720 1
1040 1
780 1
130 1
520 1
1040 1
780 1
130 1
980 1
650 1
130 1
730 1
980 1
780 1
650 1
130 1
40 1
980 1
490 1
660 1
160 1
980 1
490 1
650 1
780 1
870 1
970 1
440 1
660 1
220 1
870 1
780 1
580 1
650 1
980 1
390 1
780 1
590 1
660 1
980 1
520 1
690 1
170 1
650 1
980 1
530 1
870 1
820 1
690 1
1040 1
490 1
870 1
160 1
650 1
980 1
160 1
650 1
980 1
160 1
650 1
980 1
880 1
580 1
160 1
1170 1
880 1
580 1
160 1
930 1
580 1
730 1
150 1
440 1
580 1
730 1
150 8
50 1
150 1
20 1
150 5
520 1
780 1
520 1
780 1
510 1
130 1
520 1
980 1
130 1
650 1
980 1
130 1
650 1
980 1
650 1
980 1
660 1
490 1
980 1
650 1
980 1
660 1
980 1
870 1
780 1
650 1
430 1
970 1
870 1
1070 1
650 1
430 1
880 1
980 1
440 1
660 1
870 1
990 1
190 1
650 1
980 1
190 1
660 1
200 1
980 1
1040 1
690 1
510 1
870 1
1040 1
680 1
170 1
870 1
660 1
980 1
170 1
650 1
980 1
170 1
650 1
880 1
490 1
810 1
960 1
650 1
590 1
650 1
950 1
750 1
570 1
680 1
130 1
520 1
770 1
130 1
520 1
770 1
520 1
770 1
640 1
520 1
0 9
720 1
1040 1
520 1
780 1
1040 1
520 1
780 2
980 1
650 1
980 1
650 1
980 1
650 1
980 1
670 1
20 1
650 1
980 1
650 1
980 1
660 1
980 1
920 1
1170 1
580 1
780 1
970 1
1170 1
780 1
970 1
660 1
980 1
650 1
980 1
650 1
980 1
650 1
990 1
50 1
650 1
980 1
650 1
980 1
650 1
980 1
870 1
690 1
20 1
1040 1
870 1
690 1
1040 1
870 1
650 1
980 1
650 1
980 1
650 1
980 1
670 1
1160 1
880 1
580 1
980 1
880 1
580 1
980 1
760 1
920 1
780 8
0 5
100 1
20 1
470 1
120 1
490 1
240 1
120 1
490 1
780 1
520 1
780 1
520 1
780 1
520 1
260 1
660 1
980 1
660 1
980 1
650 1
490 1
980 1
650 1
810 1
1120 1
960 1
650 1
810 1
330 1
980 1
660 1
770 1
970 1
580 1
970 1
380 1
580 1
390 1
780 1
650 1
980 1
580 1
790 1
870 1
640 1
430 1
870 1
440 1
980 1
650 1
870 1
440 1
960 1
770 1
580 1
1040 1
870 1
770 1
690 1
1040 1
390 1
660 1
980 1
650 1
980 1
350 1
650 1
690 1
590 1
1170 1
690 1
880 1
580 1
690 1
870 1
160 1
330 1
480 1
660 1
330 1
160 1
480 1
650 1
320 1
160 1
480 1
650 1
330 1
650 1
660 1
650 1
0 7
720 1
520 1
1040 1
780 1
130 1
520 1
260 1
780 1
130 1
730 1
980 1
650 1
140 1
260 1
980 1
130 1
660 1
20 1
980 1
330 1
490 1
660 1
160 1
980 1
880 1
440 1
780 1
660 1
970 1
870 1
440 1
660 1
980 1
580 1
390 1
780 1
650 1
190 1
590 1
980 1
690 1
650 1
170 1
520 1
350 1
690 1
870 1
660 1
490 1
1040 1
660 1
870 1
160 1
980 1
650 1
160 1
980 1
330 1
650 1
160 1
980 1
50 1
880 1
160 1
580 1
1170 1
880 1
160 1
770 1
920 1
580 1
150 1
440 1
290 1
730 1
580 1
150 1
440 1
290 1
150 1
290 1
150 1
290 1
60 1
720 1
150 1
20 1
290 1
150 1
290 1
150 1
520 1
30 1
780 1
520 1
780 1
130 1
520 1
260 1
130 1
650 1
980 1
260 1
130 1
660 1
980 1
50 1
660 1
980 1
600 1
330 1
650 1
980 1
610 1
780 1
440 1
850 1
1080 1
970 1
430 1
640 1
870 1
980 1
430 1
650 1
850 1
980 1
440 1
650 1
50 1
650 1
980 1
780 1
870 1
970 1
780 1
880 1
520 1
680 1
510 1
860 1
170 1
870 1
170 1
980 1
650 1
170 1
980 1
660 1
170 1
980 1
890 1
580 1
640 1
480 1
880 1
150 1
330 1
650 1
260 1
130 1
330 1
390 1
260 1
130 1
330 1
390 1
260 1
520 1
130 1
330 1
260 1
520 1
170 1
140 1
30 1
260 1
330 1
10 1
260 1
330 1
110 1
190 1
260 1
60 1
780 1
130 1
260 1
60 1
320 1
130 1
650 1
980 1
60 1
130 1
650 1
980 1
60 1
650 1
980 1
60 1
330 1
650 1
980 1
60 1
410 1
330 1
580 1
970 1
80 1
160 1
330 1
660 1
980 1
80 1
160 1
650 1
980 1
80 1
650 2
980 1
80 1
330 1
650 1
980 1
80 1
870 1
440 1
80 1
220 1
110 1
870 1
330 1
80 1
220 1
980 1
660 1
110 1
80 1
980 1
660 1
110 1
880 1
580 1
1170 1
110 1
880 1
580 1
80 1
310 1
100 1
410 1
210 1
10 1
310 1
100 1
210 1
10 1
310 1
100 1
210 1
100 10
190 1
780 1
260 1
60 1
130 1
780 1
260 1
100 1
60 1
130 1
650 1
980 1
60 1
130 1
650 1
990 1
60 1
650 1
980 1
60 1
330 1
650 1
980 1
10 1
80 1
250 1
330 1
970 1
160 1
80 1
660 1
980 1
160 1
80 1
650 1
980 1
160 1
80 1
650 1
980 1
80 1
650 1
980 1
330 1
80 1
320 1
110 1
440 1
870 1
80 1
220 1
110 1
1040 1
870 1
110 1
1170 1
580 1
870 1
110 1
80 1
580 1
870 1
1170 1
110 1
580 1
880 1
430 1
110 1
350 1
580 1
820 1
230 1
120 1
980 1
1150 1
820 1
230 1
120 1
880 1
580 1
1170 1
120 1
880 1
520 1
1040 1
120 1
780 1
520 1
1040 1
120 1
780 1
190 1
260 1
130 1
70 1
780 1
260 1
130 1
60 1
660 1
130 1
980 1
60 1
650 1
130 1
980 1
60 1
650 1
980 1
60 1
650 1
330 1
980 1
100 1
80 1
330 1
580 1
970 1
160 1
80 1
330 1
990 1
160 1
80 1
650 1
980 1
160 1
80 1
670 1
980 1
80 1
650 1
980 1
330 1
80 1
650 1
320 1
550 1
870 1
110 1
220 1
1040 1
80 1
870 1
110 1
650 1
980 1
110 1
80 1
650 1
980 1
110 1
880 1
580 1
1170 1
110 1
880 1
580 1
110 1
310 1
210 1
520 1
410 1
100 1
310 1
210 1
10 1
100 1
210 1
100 1
210 1
100 10
190 1
260 1
130 1
100 1
70 1
190 1
260 1
130 1
100 1
60 1
130 1
100 1
60 1
130 1
100 1
60 4
70 1
60 3
160 1
220 1
110 1
270 1
50 1
160 1
220 1
110 1
50 1
160 1
110 1
50 1
160 1
110 1
50 1
110 1
50 1
110 1
50 4
160 1
190 1
290 1
240 1
50 1
150 1
190 1
100 1
240 1
50 1
150 1
100 1
50 1
100 1
50 1
100 1
50 1
980 1
330 1
50 1
980 1
330 1
50 1
980 1
780 1
260 1
50 1
780 1
260 1
50 1
780 1
260 1
50 5
120 1
240 1
360 1
50 1
120 1
240 1
360 1
50 1
120 1
250 1
60 1
780 1
130 1
520 1
60 1
770 1
630 1
980 1
260 1
60 1
660 1
980 1
250 1
60 1
190 1
650 1
60 1
780 1
390 1
980 1
660 1
60 1
330 1
390 1
970 1
160 1
80 1
320 1
480 1
80 1
980 1
160 1
650 1
80 1
210 1
870 1
440 1
660 1
80 1
20 1
980 1
440 1
650 1
80 1
870 1
20 1
580 1
770 1
110 1
390 1
580 1
770 1
110 1
650 1
570 1
110 1
980 1
650 1
690 1
110 1
880 1
690 1
580 1
110 1
850 1
160 1
690 1
320 1
100 1
970 1
160 1
650 1
320 1
100 1
160 1
320 1
100 1
880 1
580 1
330 1
100 1
880 1
990 1
30 1
100 1
650 1
980 1
240 1
120 1
170 1
70 1
260 1
130 1
770 1
60 1
260 1
130 1
650 1
980 1
60 1
260 1
650 1
980 1
60 1
670 1
40 1
650 1
60 1
800 1
330 1
650 2
240 1
970 1
870 1
80 1
430 1
640 1
160 1
880 1
80 1
430 1
980 1
650 1
80 1
440 1
980 1
650 1
80 1
20 1
980 1
650 1
80 1
190 1
750 1
50 1
170 1
930 1
110 1
850 1
680 1
170 1
110 1
850 1
580 1
880 1
110 1
620 1
160 1
490 1
110 1
880 1
20 1
980 1
650 1
110 1
980 1
330 1
110 1
820 1
130 1
780 1
100 1
260 1
390 1
130 1
880 1
100 1
260 1
580 1
880 1
100 1
260 1
50 1
110 1
780 1
230 1
120 1
780 1
240 1
190 1
130 1
60 1
770 1
1160 1
640 1
1030 1
60 1
770 1
660 1
980 1
150 1
60 1
330 1
650 1
480 1
40 1
70 1
980 1
650 1
330 1
70 1
780 1
560 1
390 1
80 1
580 1
770 1
160 1
390 1
80 1
650 1
980 1
700 1
380 1
80 1
430 1
870 1
50 1
80 1
660 1
870 1
980 1
80 1
390 1
580 1
870 1
110 1
780 1
390 1
870 1
220 1
110 1
780 1
390 1
660 1
980 1
110 1
680 1
510 1
340 1
110 1
690 1
580 1
880 1
110 1
170 1
690 1
330 1
120 1
160 1
970 1
320 1
480 1
120 1
160 1
880 1
650 1
480 1
120 1
880 1
580 1
330 1
120 1
40 1
650 1
980 1
120 1
330 1
650 1
980 1
780 1
60 1
260 1
780 1
60 1
130 1
250 1
650 1
980 1
60 1
130 1
260 1
650 1
980 1
60 1
660 1
20 1
980 1
330 1
60 1
650 1
190 1
680 1
790 1
80 1
970 1
190 1
1160 1
160 1
80 1
660 1
980 1
80 1
660 1
980 1
80 1
650 1
770 1
190 1
80 1
970 1
870 1
780 1
80 1
870 1
770 1
170 1
110 1
170 1
870 1
220 1
110 1
170 1
660 1
980 1
110 1
170 1
650 1
980 1
110 1
50 1
880 1
580 1
430 1
110 1
140 1
720 1
580 1
130 1
100 1
260 1
210 1
130 1
100 1
260 1
390 1
130 1
100 1
260 1
390 1
100 1
260 1
290 1
720 1
100 1
260 1
20 1
100 1
260 1
100 1
70 1
190 1
780 1
60 1
520 1
130 1
780 1
60 1
130 1
650 1
980 1
60 1
130 1
650 1
980 1
670 1
70 1
20 1
650 1
980 1
60 1
650 1
980 1
1160 1
80 1
160 1
780 1
970 1
1170 1
80 1
160 1
660 1
980 1
80 1
160 1
650 1
980 1
80 1
50 1
650 1
980 1
80 1
650 1
980 1
80 1
650 1
50 1
870 1
220 1
110 1
1040 1
80 1
870 1
220 1
110 1
650 1
980 1
110 1
650 1
980 1
110 1
50 1
880 1
580 1
110 1
1170 1
880 1
580 1
110 1
780 1
970 1
210 1
1170 1
100 1
780 1
970 1
580 1
1170 1
100 1
880 1
580 1
100 1
880 1
670 1
20 1
980 1
100 1
650 1
980 1
100 1
650 1
790 1
60 1
130 1
260 1
780 1
60 1
130 1
660 1
980 1
60 1
130 1
650 1
980 1
60 1
130 1
660 1
980 1
60 1
20 1
650 1
980 1
60 1
240 1
780 1
970 1
160 1
80 1
580 1
780 1
970 1
160 1
80 1
650 1
980 1
160 1
80 1
650 1
980 1
50 1
80 1
650 1
980 1
80 1
650 1
980 1
880 1
1040 1
110 1
690 1
220 1
870 1
1040 1
110 1
660 1
980 1
110 1
650 1
980 1
110 1
650 1
890 1
580 1
110 1
20 1
880 1
580 1
110 1
880 1
590 1
230 1
110 1
810 1
460 1
580 1
230 1
120 1
230 1
120 1
230 1
120 11
790 1
70 1
130 1
20 1
780 1
60 1
130 1
260 1
980 1
60 1
130 1
650 1
980 1
60 1
130 1
650 1
980 1
60 1
20 1
650 1
980 1
60 1
650 1
980 1
580 1
1170 1
780 1
80 1
970 1
160 1
80 1
980 1
160 1
650 1
80 1
980 1
160 1
650 1
670 1
80 1
980 1
20 1
650 1
80 1
980 1
650 1
10 1
110 1
20 1
870 1
1040 1
220 1
110 1
80 1
870 1
1170 1
110 1
580 1
880 1
110 1
580 1
880 1
20 1
110 1
580 1
880 1
110 1
580 1
880 1
310 1
980 1
100 1
820 1
210 1
1150 1
980 1
100 1
1170 1
880 1
580 1
100 1
1170 1
880 1
60 1
20 1
100 1
780 1
1040 1
520 1
100 1
780 1
190 1
20 1
60 1
780 1
130 1
100 1
60 1
780 1
130 1
980 1
60 1
650 1
130 1
980 1
60 1
650 1
70 1
980 1
70 1
650 1
980 1
70 1
660 1
780 1
970 1
160 1
80 1
580 1
780 1
970 1
160 1
80 1
650 1
980 1
160 1
80 1
650 1
980 1
50 1
20 1
80 1
650 1
980 1
80 1
660 1
760 1
870 1
690 1
110 1
1040 1
220 1
870 1
80 1
110 1
650 1
980 1
110 1
650 1
980 1
110 1
650 1
50 1
880 1
110 1
580 1
1170 1
880 1
110 1
590 1
350 1
810 1
460 1
120 1
580 1
230 1
120 1
230 1
120 1
230 1
120 4
50 1
80 1
120 1
20 1
120 2
110 1
730 1
780 1
20 1
520 1
780 1
260 1
520 1
780 1
260 1
520 1
780 1
260 1
520 1
780 1
260 1
620 1
780 1
650 1
20 1
790 1
970 1
650 1
330 1
480 1
920 1
580 1
770 1
580 1
770 1
390 1
1150 1
190 1
780 1
390 1
780 1
870 1
440 1
640 1
770 1
880 1
430 1
640 1
850 1
870 1
440 1
1190 1
790 1
30 1
570 1
740 1
1150 1
770 1
960 1
580 1
1150 1
770 1
960 1
710 1
670 1
780 1
150 1
690 1
500 1
690 1
20 1
690 3
640 1
920 1
480 1
690 1
660 1
490 1
650 2
740 1
980 1
650 1
740 1
980 1
490 1
740 1
820 1
740 1
680 1
820 1
960 1
720 1
960 1
740 1
660 1
40 1
870 1
1090 1
660 1
130 1
1090 1
660 1
870 1
1090 1
660 1
870 1
1090 1
790 1
660 1
890 1
160 1
790 1
660 1
160 1
1090 1
650 1
1090 1
440 1
650 1
880 1
430 1
660 1
640 1
880 1
440 1
870 1
440 1
870 1
440 1
870 1
440 1
870 1
50 1
770 1
580 1
870 1
970 1
780 1
580 1
690 1
50 1
20 1
170 1
90 1
170 1
180 1
170 7
810 1
690 1
880 1
970 1
610 1
800 1
970 1
170 1
650 1
920 1
510 1
770 1
640 1
520 1
770 1
510 1
770 1
1170 1
580 1
970 1
780 1
1170 1
580 1
970 1
780 1
1170 1
580 1
970 1
780 1
580 1
970 1
580 1
980 1
780 1
1170 1
130 1
580 1
970 1
780 1
1170 1
130 1
730 1
970 1
440 1
150 1
650 1
970 1
50 1
30 1
820 1
660 1
970 1
160 1
490 1
820 1
650 1
870 1
440 1
970 1
1090 1
660 1
870 1
440 1
980 1
390 1
190 1
780 1
580 1
390 1
190 1
700 1
520 1
870 1
170 1
690 1
520 1
170 1
730 1
660 1
20 1
820 1
160 1
490 1
660 1
160 1
490 1
660 1
160 5
730 1
80 1
160 1
20 1
160 2
0 2
930 1
1000 1
0 5
1090 1
660 1
870 1
1090 1
660 1
870 1
1090 1
660 1
870 1
50 1
1090 1
660 1
870 1
1090 1
660 1
910 1
630 1
690 1
810 1
620 1
520 1
770 1
900 1
870 1
640 1
510 1
770 1
900 1
690 1
560 1
770 1
870 1
1150 1
770 1
960 1
390 1
870 1
780 1
980 1
870 1
640 1
810 1
970 1
640 1
650 1
660 1
650 1
870 1
650 1
860 1
440 1
140 1
870 1
750 1
40 1
650 1
870 1
440 1
870 1
440 1
190 1
390 1
780 1
580 1
390 1
780 1
580 1
780 1
390 1
780 1
630 1
700 1
750 1
830 1
170 1
690 1
50 1
20 1
700 1
510 1
690 2
290 1
760 1
920 1
160 1
650 1
320 1
160 1
660 1
320 1
160 1
970 1
1170 1
780 1
650 1
970 1
1170 1
780 1
20 2
970 1
580 1
780 1
970 2
520 1
780 1
1010 1
1160 1
900 1
780 1
520 1
780 1
980 1
650 1
980 1
650 1
980 1
690 1
830 1
610 1
650 1
980 1
650 1
980 1
660 1
330 1
980 1
580 1
780 1
680 1
970 1
780 1
580 1
970 1
100 1
660 1
980 1
650 1
980 1
100 1
650 1
590 1
870 1
830 1
650 1
980 1
200 1
90 1
690 1
170 1
340 1
690 1
870 1
1040 1
170 1
200 1
870 1
980 1
170 1
650 1
980 1
170 1
650 1
0 1
580 1
720 1
880 1
580 1
140 1
870 1
580 1
290 1
130 1
390 1
130 1
390 1
260 1
130 1
390 1
520 1
290 1
260 1
170 1
520 1
290 1
260 1
290 1
260 1
290 1
260 1
290 1
260 1
290 1
260 1
90 1
10 1
200 1
20 1
260 1
60 1
780 1
130 1
660 1
60 1
980 1
130 1
650 1
60 1
980 1
130 1
660 1
20 1
980 1
60 1
650 1
330 1
980 1
60 1
250 1
330 1
970 1
160 1
80 1
410 1
330 1
980 1
160 1
80 1
650 1
980 1
160 1
80 1
650 1
40 1
980 1
80 1
650 1
330 1
980 1
80 1
50 1
330 1
110 1
870 1
80 1
1040 1
220 1
110 2
650 1
220 1
980 1
110 1
650 1
80 1
880 1
110 1
580 1
20 1
880 1
110 1
580 1
290 1
10 1
410 1
100 1
970 1
580 1
210 1
310 1
100 1
880 1
580 1
1170 1
100 1
880 1
580 1
290 1
660 1
100 1
20 1
980 1
650 1
100 1
980 1
790 1
260 1
70 1
520 1
130 1
780 1
260 1
60 1
130 1
650 1
980 1
290 1
60 1
140 1
650 1
670 1
980 1
70 1
490 1
650 1
330 1
490 1
60 1
170 1
440 1
870 1
970 1
80 1
660 1
440 1
160 1
220 1
80 1
980 1
390 1
780 1
580 1
80 1
190 1
980 1
520 1
650 1
80 1
170 1
350 1
530 1
50 1
110 1
870 1
330 1
160 1
220 1
110 1
980 1
330 1
160 1
650 1
110 1
980 1
330 1
160 1
880 1
110 1
20 1
580 1
160 1
880 1
110 1
310 1
410 1
510 1
210 1
100 1
310 1
410 1
10 1
210 1
100 1
210 1
100 1
210 1
100 2
50 1
20 1
100 1
20 1
100 4
190 1
20 1
260 1
780 1
60 1
130 1
100 1
660 1
980 1
60 1
130 1
650 1
980 1
60 1
130 1
720 1
650 1
980 1
60 1
650 1
980 1
60 1
240 1
330 1
160 1
970 1
80 1
580 1
330 1
160 1
990 1
80 1
650 1
160 1
980 1
80 1
650 1
670 1
50 1
980 1
80 1
650 1
980 1
80 1
660 1
320 1
870 1
1040 1
110 1
80 1
220 1
870 1
1040 1
110 1
650 1
980 1
110 1
660 1
80 1
980 1
720 1
110 1
880 1
580 1
980 1
110 1
880 1
330 1
980 1
120 1
580 1
780 1
230 1
970 1
120 1
780 1
1170 1
880 1
120 1
580 1
1170 1
880 1
120 1
50 1
650 1
980 1
120 1
650 1
980 1
120 1
70 1
10 1
780 1
130 1
70 1
260 1
780 1
130 1
60 1
650 1
980 1
130 1
60 1
650 1
980 1
670 1
40 1
650 1
980 1
70 1
650 1
980 1
70 1
240 1
410 1
970 1
330 1
80 1
160 1
580 1
970 1
80 1
160 1
650 1
980 1
80 1
160 1
650 1
990 1
80 1
20 1
650 1
980 1
80 1
650 1
980 1
870 1
110 1
20 1
220 1
1040 1
870 1
110 1
660 1
980 1
110 1
650 1
980 1
80 1
110 1
650 1
880 1
580 1
110 1
20 1
880 1
580 1
110 1
300 1
520 1
210 1
410 1
100 1
310 1
10 1
210 1
100 1
210 1
100 1
210 1
100 3
50 1
720 1
20 1
100 1
20 1
100 3
50 1
780 1
520 1
100 1
1040 1
780 1
520 1
100 1
260 1
780 1
520 1
100 1
260 1
780 1
520 1
150 1
40 1
260 1
780 1
260 1
780 1
260 2
1000 1
780 1
0 13
150 1
50 1
20 2
0 3
720 1
80 1
20 2
0 11
720 1
80 1
980 1
330 1
20 1
980 1
330 1
980 1
770 1
920 1
260 1
780 1
260 1
780 1
260 1
780 1
260 1
780 1
0 12
180 1
260 1
60 1
780 1
130 1
260 1
60 1
520 1
770 1
130 1
980 1
60 1
650 1
260 1
130 1
60 1
660 1
390 1
20 1
780 1
60 1
650 1
390 1
250 1
330 1
80 1
650 1
970 1
390 1
330 1
80 1
160 1
660 1
980 1
390 1
80 1
440 1
660 1
50 1
870 1
80 1
430 1
870 1
980 1
80 1
440 1
120 1
20 1
870 1
110 1
780 1
390 1
870 1
110 1
870 1
650 1
980 1
110 1
690 1
350 1
690 1
540 1
110 1
20 1
870 1
690 1
170 1
110 1
750 1
310 1
650 1
970 1
100 1
800 1
650 1
970 1
100 1
880 1
640 1
100 1
480 1
650 1
100 1
480 1
50 1
660 1
100 1
980 1
330 1
650 1
100 1
180 1
260 1
70 1
780 1
130 1
520 1
260 1
60 1
660 1
130 1
980 1
150 1
60 1
650 1
130 1
740 1
980 1
70 1
660 1
330 1
160 1
490 1
60 1
650 1
440 1
870 1
860 1
80 1
640 1
440 1
860 1
660 1
80 1
660 1
780 1
390 1
580 1
80 1
50 1
650 1
980 1
520 1
80 1
170 1
350 1
530 1
110 1
870 1
510 1
170 1
110 1
870 1
330 1
160 1
110 1
980 1
650 1
160 1
110 1
330 1
650 1
880 1
170 1
110 1
650 1
980 1
330 1
160 1
590 1
100 1
660 1
780 1
140 1
520 1
100 1
780 1
150 1
520 1
100 1
290 1
150 1
260 1
100 1
730 1
150 1
20 1
100 1
250 1
150 1
120 1
720 1
40 1
130 1
520 1
70 1
770 1
640 1
1030 1
130 1
60 1
130 1
650 1
980 1
60 1
160 1
640 1
160 1
330 1
60 1
980 1
650 1
160 1
740 1
850 1
80 1
560 1
390 1
970 1
770 1
80 1
160 1
390 1
980 1
770 1
80 1
660 1
440 1
870 1
80 1
660 1
430 1
980 1
870 1
80 1
650 1
440 1
770 1
870 1
110 1
770 1
580 1
1040 1
870 1
110 1
660 1
980 1
780 1
870 1
110 1
520 1
860 1
50 1
680 1
110 1
510 1
880 1
170 1
690 1
110 1
970 1
580 1
660 1
120 1
970 1
480 1
160 1
650 1
120 1
650 1
580 1
880 1
120 1
780 1
330 1
50 1
120 1
650 1
980 1
120 1
650 1
710 1
770 1
70 1
1160 1
520 1
260 1
130 1
60 1
260 1
980 1
880 1
60 1
650 1
980 1
880 1
860 1
60 1
40 1
650 1
960 1
800 1
650 1
640 1
800 1
980 1
80 1
870 1
970 1
160 1
80 1
190 1
970 1
780 1
80 1
650 1
980 1
80 1
650 1
80 1
660 1
40 1
980 1
80 1
650 1
980 1
80 1
650 1
110 1
680 1
760 1
870 1
110 1
680 1
170 1
870 1
110 1
660 1
980 1
870 1
110 1
650 1
720 1
50 1
580 1
110 1
870 1
720 1
1010 1
580 1
1160 1
870 1
100 1
520 1
130 1
100 1
130 1
100 1
780 1
130 1
260 1
100 1
520 1
260 1
100 1
50 1
20 1
240 1
100 1
490 1
110 1
240 1
490 1
70 1
780 1
130 1
520 1
60 1
770 1
130 1
640 1
150 1
60 1
980 1
130 1
660 1
260 1
60 1
990 1
160 1
650 1
330 1
60 1
490 1
160 1
660 1
870 1
80 1
970 1
440 1
660 1
80 1
440 1
660 1
580 1
80 1
980 1
780 1
390 1
580 1
80 1
880 1
650 1
870 1
980 1
80 1
690 1
870 1
170 1
780 1
870 1
110 1
770 1
580 1
870 1
160 1
110 1
760 1
660 1
170 1
980 1
110 1
160 1
880 1
40 1
110 1
160 1
880 1
690 1
940 1
110 1
160 1
970 1
580 1
150 1
100 1
650 1
970 1
150 1
100 1
880 1
580 1
150 1
100 1
880 1
590 1
150 1
980 1
100 1
650 1
150 1
980 1
100 1
790 1
40 1
130 1
1030 1
520 1
780 1
60 1
130 1
260 1
660 1
980 1
60 1
140 1
260 1
650 1
800 1
40 1
970 1
650 1
810 1
970 1
650 1
800 1
970 1
800 1
660 1
80 1
970 1
440 1
660 1
80 1
780 1
580 1
980 1
650 1
80 1
780 1
580 1
190 1
80 1
650 1
80 1
980 1
700 1
660 1
830 1
720 1
680 1
850 1
110 1
760 1
680 1
850 1
110 1
170 1
870 1
660 1
980 1
110 1
160 1
480 1
640 1
880 1
110 1
580 1
160 1
980 1
160 1
980 1
770 1
100 1
580 1
780 1
100 1
150 1
780 1
100 1
140 1
780 1
100 1
260 1
150 1
290 1
100 1
50 1
150 1
100 1
150 1
100 1
600 1
150 1
720 1
780 1
520 1
60 1
130 1
260 1
520 1
60 1
880 1
140 1
650 1
980 1
60 1
140 1
490 1
650 1
980 1
800 1
160 1
650 1
980 1
330 1
60 1
970 1
770 1
580 1
660 1
80 1
770 1
580 1
660 1
80 1
390 1
780 1
580 1
640 1
80 1
860 1
640 1
980 1
520 1
690 1
80 1
650 1
170 1
660 1
780 1
110 1
870 1
1040 1
390 1
780 1
110 1
870 1
160 1
650 1
980 1
110 1
690 1
160 1
110 1
690 1
170 1
980 1
680 1
110 1
340 1
160 1
980 1
580 1
110 1
330 1
650 1
780 1
120 1
320 1
1170 1
140 1
780 1
120 1
390 1
290 1
150 1
330 1
120 1
20 1
290 1
150 1
330 1
110 1
210 1
520 1
260 1
130 1
780 1
520 1
260 1
520 1
130 1
980 1
880 1
260 1
650 1
130 1
980 1
260 1
650 1
160 1
330 1
980 1
650 1
160 1
330 1
970 1
870 1
330 1
200 1
980 1
390 1
330 1
190 1
990 1
650 1
1170 1
330 1
980 1
660 1
780 1
190 1
650 1
980 1
780 1
190 1
650 1
770 1
200 1
870 1
170 1
690 1
170 1
870 1
350 1
170 1
870 1
440 1
650 1
980 1
170 1
440 1
660 1
980 1
290 1
870 1
570 1
440 1
290 1
140 1
720 1
580 1
1160 1
970 1
130 1
260 1
390 1
970 1
130 1
260 1
780 1
880 1
130 1
260 1
580 1
880 1
260 1
660 1
980 1
260 1
650 1
980 1
260 1
650 1
980 1
520 1
780 1
1040 1
520 1
780 1
520 1
780 1
660 1
980 1
650 1
980 1
650 1
980 1
660 1
990 1
650 1
980 1
650 1
980 1
650 1
980 1
660 1
1170 1
970 1
580 1
780 1
1170 1
970 1
580 1
660 1
980 1
650 1
980 1
650 1
980 1
650 1
980 1
650 1
980 1
650 1
980 1
650 1
980 1
660 1
980 1
870 1
1040 1
690 1
520 1
870 1
1040 1
690 1
870 1
980 1
650 1
870 1
980 1
650 1
980 1
650 1
1170 1
880 1
580 1
1170 1
880 1
580 1
880 1
970 1
580 1
780 1
1170 1
970 1
580 1
780 1
970 1
580 1
1170 1
880 1
580 1
1170 1
880 1
580 1
870 1
660 1
980 1
650 1
980 1
650 1
980 1
650 1
1040 1
520 1
780 1
1040 1
520 1
780 2
660 1
980 1
650 1
980 1
660 1
980 1
650 1
980 1
650 1
980 1
650 1
980 1
650 1
980 1
650 1
980 1
780 1
1170 1
580 1
970 1
780 1
1170 1
970 1
660 1
980 1
650 1
980 1
660 1
980 1
650 1
980 1
650 1
980 1
650 1
980 1
650 1
980 1
650 1
980 1
1040 1
690 1
870 1
520 1
1040 1
690 1
870 1
580 1
1170 1
880 1
580 1
1170 1
880 1
580 1
890 1
880 1
580 1
1170 1
880 1
580 1
880 1
580 1
660 1
1150 1
820 1
980 1
650 1
1150 1
820 1
880 1
580 1
1170 1
880 1
580 1
1170 1
880 1
580 1
780 1
1040 1
520 1
780 1
1040 1
520 1
780 1
770 1
1040 1
520 1
780 1
1040 1
520 1
780 2
660 1
980 1
650 1
980 1
650 1
980 1
650 1
990 1
650 1
980 1
650 1
980 1
650 1
980 1
650 1
980 1
780 1
1170 1
580 1
970 1
780 1
1170 1
970 1
660 1
980 1
650 1
980 1
650 1
980 1
650 1
990 1
650 1
980 1
650 1
980 1
650 1
980 1
660 1
870 1
1040 1
690 1
870 1
1040 1
520 1
690 1
880 1
580 1
880 1
1170 1
580 1
880 1
580 1
880 1
1170 1
580 1
880 1
1170 1
580 1
880 1
580 1
980 1
660 1
980 1
650 1
980 1
650 1
980 1
650 1
980 1
650 1
980 1
650 1
980 1
650 1
980 1
650 1
980 1
650 1
980 1
650 1
980 1
650 2
1030 1
510 1
770 1
1030 1
510 1
770 1
1020 1
510 1
770 1
1020 1
510 1
760 1
510 1
760 1
510 1
760 5
750 2
0 138
